PRAD	PAAD	LIHC	LUSC	LUAD	BLCA	READ	COAD	UC	OV	BRCA	PANCAN	BLOOD	length	totalCGs	GCcontent	freeEnergy	fragOrder
pancan-8-cg04739647-chr2_176987433_176987545-8	0	0	0	0	0	0	0	0	0	0	0	1	0	112	11	0.669642857	0	149
pancan-10-cg20072171-chr3_62356850_62357007-10	0	0	0	0	0	0	0	0	0	0	0	1	0	157	13	0.566878981	0	182
pancan-18-cg14428146-chr8_23563822_23563978-18	0	0	0	0	0	0	0	0	0	0	0	1	0	156	13	0.641025641	0	145
pancan-19-cg13324546-chr8_23563978_23564101-19	0	0	0	0	0	0	0	0	0	0	0	1	0	123	13	0.666666667	0	167
pancan-20-cg22747746-chr8_23564185_23564337-20	0	0	0	0	0	0	0	0	0	0	0	1	0	152	10	0.671052632	0	151
pancan-21-cg14038391-chr10_102900030_102900174-21	0	0	0	0	0	0	0	0	0	0	0	1	0	144	14	0.694444444	0	161
pancan-25-cg00986824-chr12_75601394_75601509-25	0	0	0	0	0	0	0	0	0	0	0	1	0	115	15	0.67826087	0	129
pancan-26-cg07614018-chr19_18811452_18811616-26	0	0	0	0	0	0	0	0	0	0	0	1	0	164	10	0.652439024	0	177
blood-1-cg07865091-chr1_43814286_43814441	0	0	0	0	0	0	0	0	0	0	0	0	1	155	11	0.619354839	0	46
blood-2-cg08706567_cg13393721-chr1_43815020_43815167	0	0	0	0	0	0	0	0	0	0	0	0	1	147	11	0.646258503	0	157
blood-3-cg08535938-chr1_161128968_161129092	0	0	0	0	0	0	0	0	0	0	0	0	1	124	6	0.564516129	0	119
blood-4-cg16817180-chr4_981454_981558	0	0	0	0	0	0	0	0	0	0	0	0	1	104	8	0.615384615	0	72
blood-5-cg21448513-chr8_57103511_57103669	0	0	0	0	0	0	0	0	0	0	0	0	1	158	6	0.588607595	0	171
blood-6-cg09148852-chr12_122235067_122235172	0	0	0	0	0	0	0	0	0	0	0	0	1	105	8	0.685714286	0	88
blood-7-cg07218880-chr13_115046160_115046282	0	0	0	0	0	0	0	0	0	0	0	0	1	122	9	0.614754098	0	68
blood-8-cg12952132-chr19_55417539_55417665	0	0	0	0	0	0	0	0	0	0	0	0	1	126	6	0.603174603	0	163
chr19_15342654_15342820-cg03562044	1	0	0	0	0	0	1	1	1	1	1	0	0	166	15	0.686746988	-63.5	51
chr6_26044142_26044281-cg15387132_cg07701237_cg26426142	0	0	0	0	0	0	1	1	1	1	1	0	0	139	8	0.460431655	-30.5	174
chr6_26044281_26044387-cg02221866	0	0	0	0	0	0	1	1	1	1	1	0	0	106	8	0.537735849	-31.5	108
chr14_103655557_103655607-cg01556502	0	0	1	1	0	1	1	0	1	1	1	0	0	50	6	0.72	-12.69999981	34
chr6_28175974_28176135-cg15786705	0	0	0	1	1	1	0	0	1	1	1	0	0	161	9	0.52173913	-42.20000076	178
chr3_62861059_62861159-cg13491481_cg25947544	0	0	0	0	0	1	0	0	1	1	1	0	0	100	9	0.6	-36.09999847	87
chr14_102026440_102026557-cg21174533	0	0	0	0	0	1	0	0	1	1	1	0	0	117	15	0.726495726	-48	54
chr17_36104197_36104362-cg09463047	0	0	0	0	0	0	0	0	1	1	1	0	0	165	13	0.715151515	-80.40000153	135
chr6_6007659_6007743-cg11564981	1	0	0	0	1	1	0	1	0	1	1	0	0	84	7	0.595238095	-17.5	41
chr1_169396590_169396736-cg00100121_cg00002719	1	1	0	1	1	1	1	1	1	0	1	0	0	146	10	0.609589041	-47.5	134
chr22_31481088_31481163-cg19446838	0	1	0	0	0	1	1	1	1	0	1	0	0	75	11	0.746666667	-16.79999924	42
chr11_133938825_133938963-cg02174225	0	0	0	0	0	1	1	1	1	0	1	0	0	138	16	0.746376812	-68.80000305	28
chr14_70654586_70654705-cg13652513	0	0	0	0	0	1	1	1	1	0	1	0	0	119	12	0.663865546	-31.29999924	43
chr6_30449046_30449193-cg18750167	0	0	0	0	1	0	1	1	1	0	1	0	0	147	13	0.693877551	-65.40000153	111
chr3_10206705_10206858-cg11029301	0	0	0	0	0	0	0	0	1	0	1	0	0	153	17	0.745098039	-68.80000305	139
chr19_12952011_12952146-cg14183976	0	0	0	0	0	0	0	0	1	0	1	0	0	135	16	0.703703704	-59.29999924	47
chr22_39784454_39784583-cg02038168	0	0	1	0	0	1	1	1	0	0	1	0	0	129	11	0.705426357	-55.20000076	109
chr19_30019355_30019439-cg05984554	0	1	0	0	0	1	1	1	0	0	1	0	0	84	8	0.69047619	-31.10000038	52
chr4_140201055_140201183-cg01733638	1	1	0	0	0	0	1	1	0	0	1	0	0	128	10	0.6640625	-54	144
chr5_158527562_158527646-cg16126280	0	0	0	0	0	1	0	1	0	0	1	0	0	84	6	0.678571429	-25.39999962	60
chr12_4379028_4379128-cg16611581	0	0	0	0	1	1	0	0	0	0	1	0	0	100	11	0.75	-40.40000153	92
chr5_114515817_114515960-cg13750123_cg10569615	0	0	0	0	0	1	0	0	0	0	1	0	0	143	10	0.622377622	-50.70000076	147
chr20_42543692_42543788-cg19595234	0	0	0	0	0	1	0	0	0	0	1	0	0	96	15	0.770833333	-38.70000076	18
chr7_27135711_27135843-cg26744375_cg04167903_cg06715976_cg02978421	0	1	1	0	1	0	0	0	0	0	1	0	0	132	14	0.643939394	-56.5	130
chr7_27135538_27135700-cg00288327_cg03700462	0	1	0	0	1	0	0	0	0	0	1	0	0	162	10	0.611111111	-51.70000076	14
chr7_27136454_27136544-cg10636403	0	1	0	0	1	0	0	0	0	0	1	0	0	90	8	0.666666667	-26.60000038	85
chr14_88790226_88790377-cg16385571	0	0	0	0	1	0	0	0	0	0	1	0	0	151	11	0.675496689	-42.90000153	133
chr19_49646057_49646183-cg04781584	0	0	0	1	0	0	0	0	0	0	1	0	0	126	8	0.642857143	-46.59999847	159
chr4_76555706_76555796-cg14263942	0	0	1	0	0	0	0	0	0	0	1	0	0	90	8	0.666666667	-32.90000153	24
chr12_4382165_4382300-cg24626079_cg15249639_cg13404421	1	1	0	0	0	0	0	0	0	0	1	0	0	135	8	0.6	-28.10000038	82
chr12_4383668_4383828-cg12382902_cg16994506	0	1	0	0	0	0	0	0	0	0	1	0	0	160	12	0.6375	-63.90000153	150
chr2_96990841_96990992-cg13997864	1	0	0	0	0	0	0	0	0	0	1	0	0	151	10	0.721854305	-68.09999847	136
chr22_21386856_21387028-cg24333469_cg05684406	1	0	0	0	0	0	0	0	0	0	1	0	0	172	16	0.715116279	-60.09999847	128
chr1_92950239_92950387-cg23807354_cg15394350_cg13930300	0	0	0	0	0	0	0	0	0	0	1	0	0	148	14	0.682432432	-64.40000153	64
chr1_154842974_154843101-cg10946435_cg03434847	0	0	0	0	0	0	0	0	0	0	1	0	0	127	7	0.622047244	-57	140
chr1_203087052_203087151-cg00992398	0	0	0	0	0	0	0	0	0	0	1	0	0	99	6	0.737373737	-45	77
chr2_27938289_27938451-cg03383158	0	0	0	0	0	0	0	0	0	0	1	0	0	162	22	0.783950617	-83.59999847	10
chr2_96990992_96991127-cg11270393	0	0	0	0	0	0	0	0	0	0	1	0	0	135	19	0.8	-68.69999695	6
chr2_127863590_127863762-cg00091827	0	0	0	0	0	0	0	0	0	0	1	0	0	172	16	0.744186047	-66	103
chr2_220300022_220300129-cg13437337	0	0	0	0	0	0	0	0	0	0	1	0	0	107	10	0.757009346	-50.70000076	4
chr2_233741043_233741109-cg05709124	0	0	0	0	0	0	0	0	0	0	1	0	0	66	9	0.651515152	-20.10000038	56
chr7_87974705_87974789-cg10649525	0	0	0	0	0	0	0	0	0	0	1	0	0	84	8	0.642857143	-28.89999962	132
chr8_23020847_23020980-cg23051664	0	0	0	0	0	0	0	0	0	0	1	0	0	133	16	0.609022556	-40.79999924	173
chr8_82192806_82192936-cg15147690	0	0	0	0	0	0	0	0	0	0	1	0	0	130	6	0.630769231	-41.90000153	170
chr9_80911694_80911853-cg13828183	0	0	0	0	0	0	0	0	0	0	1	0	0	159	16	0.710691824	-77.90000153	124
chr9_80912041_80912183-cg14052221	0	0	0	0	0	0	0	0	0	0	1	0	0	142	13	0.697183099	-53.70000076	94
chr11_66079685_66079815-cg19586661	0	0	0	0	0	0	0	0	0	0	1	0	0	130	14	0.7	-63.20000076	58
chr12_66216831_66216924-cg05481991	0	0	0	0	0	0	0	0	0	0	1	0	0	93	7	0.548387097	-23.89999962	50
chr14_88790084_88790162-cg10852609	0	0	0	0	0	0	0	0	0	0	1	0	0	78	8	0.730769231	-36.59999847	21
chr15_76628761_76628874-cg25901204	0	0	0	0	0	0	0	0	0	0	1	0	0	113	8	0.646017699	-38	112
chr16_21831569_21831646-cg16426482	0	0	0	0	0	0	0	0	0	0	1	0	0	77	7	0.61038961	-20	81
chr17_21454523_21454642-cg23291136	0	0	0	0	0	0	0	0	0	0	1	0	0	119	7	0.647058824	-41.29999924	152
chr17_36102915_36103042-cg09679923	0	0	0	0	0	0	0	0	0	0	1	0	0	127	5	0.393700787	-14.69999981	169
chr17_36103058_36103216-cg17652435	0	0	0	0	0	0	0	0	0	0	1	0	0	158	17	0.784810127	-95.69999695	20
chr6_31783138_31783256-cg11485463	0	0	0	0	0	1	1	1	1	1	0	0	0	118	6	0.63559322	-41.59999847	23
chr6_31783256_31783330-cg02704535_cg19677203_cg21122656	0	0	0	0	0	1	1	1	1	1	0	0	0	74	6	0.581081081	-20.5	65
chr6_31783330_31783415-cg22847691_cg12643366_cg15174834	0	0	0	0	0	1	1	1	1	1	0	0	0	85	5	0.588235294	-18.79999924	61
chr6_31783415_31783499-cg12883479_cg10598353_cg17494781	0	0	0	0	0	1	1	1	1	1	0	0	0	84	11	0.654761905	-26	86
chr2_219844612_219844772-cg06921464	0	0	0	0	0	0	0	0	1	1	0	0	0	160	6	0.5625	-53.5	176
chr10_43892738_43892799-cg04424930	0	0	0	0	0	0	0	0	1	1	0	0	0	61	4	0.62295082	-12.5	67
chr10_43892799_43892964-cg17824240	0	0	0	0	0	0	0	0	1	1	0	0	0	165	15	0.709090909	-77.80000305	38
chr12_14926967_14927126-cg19774315_cg08855729	0	0	0	0	0	0	0	0	1	1	0	0	0	159	8	0.459119497	-34.40000153	180
chr17_42092284_42092455-cg12259256	0	0	0	0	0	0	0	0	1	1	0	0	0	171	14	0.578947368	-53	164
chr19_50836539_50836698-cg01017355	0	0	0	0	0	0	0	0	1	1	0	0	0	159	10	0.672955975	-65.19999695	97
chr19_58280780_58280950-cg07685728_cg13636880	0	0	0	0	0	0	0	0	1	1	0	0	0	170	10	0.570588235	-55.29999924	102
chr19_58280950_58281108-cg24298255_cg18575209_cg20751795	0	0	0	0	0	0	0	0	1	1	0	0	0	158	10	0.607594937	-64.5	179
chr1_205399892_205399950-cg06849719	0	0	0	0	0	0	0	0	0	1	0	0	0	58	9	0.862068966	-25.5	3
chr2_109335666_109335803-cg09019916	0	0	0	0	0	0	0	0	0	1	0	0	0	137	7	0.496350365	-28.39999962	172
chr5_10307631_10307750-cg11882252	0	0	0	0	0	0	0	0	0	1	0	0	0	119	12	0.663865546	-50.20000076	95
chr10_119256147_119256294-cg01250961	0	0	0	0	0	0	0	0	0	1	0	0	0	147	9	0.578231293	-37.59999847	165
chr12_113909884_113910051-cg14868703	0	0	0	0	0	1	1	1	1	0	0	0	0	167	9	0.556886228	-57.59999847	83
chr11_32454937_32455039-cg02524954	0	0	0	0	0	0	1	1	1	0	0	0	0	102	9	0.637254902	-41	79
chr13_112760055_112760159-cg04832466	0	0	0	0	0	0	1	1	1	0	0	0	0	104	7	0.596153846	-18.79999924	75
chr1_119531070_119531222-cg14415885	0	0	0	0	0	0	1	0	1	0	0	0	0	152	7	0.592105263	-51.29999924	76
chr1_8014372_8014524-cg02737782	0	0	0	0	0	1	0	0	1	0	0	0	0	152	10	0.671052632	-61	160
chr20_44452793_44452894-cg04807470	0	0	0	0	1	0	0	0	1	0	0	0	0	101	10	0.722772277	-40.09999847	5
chr19_52207290_52207356-cg03671191	0	1	1	0	0	0	0	0	1	0	0	0	0	66	8	0.636363636	-19.79999924	62
chr19_52207557_52207687-cg13730743_cg05411953	0	1	1	0	0	0	0	0	1	0	0	0	0	130	11	0.707692308	-54.29999924	155
chr1_90308923_90309088-cg14565265	0	0	0	0	0	0	0	0	1	0	0	0	0	165	19	0.775757576	-80.90000153	16
chr1_219347101_219347259-cg05062446	0	0	0	0	0	0	0	0	1	0	0	0	0	158	25	0.734177215	-81.69999695	96
chr12_14927715_14927808-cg05081223	0	0	0	0	0	0	0	0	1	0	0	0	0	93	7	0.634408602	-31.70000076	31
chr18_5238692_5238831-cg20134241	0	0	0	0	0	0	0	0	1	0	0	0	0	139	6	0.568345324	-34.09999847	123
chr7_155167407_155167549-cg02344820	0	0	0	0	1	1	1	1	0	0	0	0	0	142	15	0.549295775	-39.5	158
chr19_59074344_59074486-cg17735983	0	1	0	0	0	1	1	1	0	0	0	0	0	142	19	0.704225352	-63.20000076	114
chr3_186857275_186857368-cg06190677	0	0	0	0	0	1	1	1	0	0	0	0	0	93	11	0.752688172	-36.59999847	15
chr19_18119041_18119152-cg07721276	0	0	0	0	0	1	1	1	0	0	0	0	0	111	15	0.630630631	-38.5	125
chr18_59560167_59560241-cg06464594	1	0	0	0	1	0	1	1	0	0	0	0	0	74	7	0.662162162	-19.10000038	91
chr15_61521898_61522019-cg20006924	0	0	0	0	1	0	1	1	0	0	0	0	0	121	8	0.611570248	-38.5	19
chr6_28555040_28555164-cg15051226	0	1	0	0	0	0	1	1	0	0	0	0	0	124	10	0.653225806	-44.79999924	120
chr19_56159168_56159328-cg27537628	0	1	0	0	0	0	1	1	0	0	0	0	0	160	8	0.56875	-47.09999847	142
chr19_56159378_56159495-cg08496742	0	1	0	0	0	0	1	1	0	0	0	0	0	117	13	0.717948718	-50.79999924	73
chr1_77748105_77748255-cg17014953	0	0	0	0	0	0	1	1	0	0	0	0	0	150	12	0.673333333	-58.09999847	99
chr1_120839352_120839464-cg00198436	0	0	0	0	0	0	1	1	0	0	0	0	0	112	7	0.553571429	-27.70000076	183
chr2_100938368_100938474-cg14348439	0	0	0	0	0	0	1	1	0	0	0	0	0	106	14	0.716981132	-44.59999847	44
chr2_100938777_100938823-cg23977631_cg14997226	0	0	0	0	0	0	1	1	0	0	0	0	0	46	6	0.739130435	-16	59
chr2_100938865_100938944-cg14675211	0	0	0	0	0	0	1	1	0	0	0	0	0	79	9	0.64556962	-30.60000038	27
chr4_156297786_156297883-cg15397448	0	0	0	0	0	0	1	1	0	0	0	0	0	97	12	0.731958763	-27.70000076	84
chr7_55086055_55086182-cg07311521	0	0	0	0	0	0	1	1	0	0	0	0	0	127	10	0.62992126	-50.70000076	63
chr7_133811709_133811854-cg17676607	0	0	0	0	0	0	1	1	0	0	0	0	0	145	7	0.482758621	-39.5	141
chr9_124132126_124132227-cg07190485	0	0	0	0	0	0	1	1	0	0	0	0	0	101	9	0.693069307	-42.29999924	69
chr10_7452257_7452407-cg01056653	0	0	0	0	0	0	1	1	0	0	0	0	0	150	14	0.606666667	-49.20000076	181
chr12_130527013_130527056-cg15584445	0	0	0	0	0	0	1	1	0	0	0	0	0	43	4	0.744186047	-15.39999962	8
chr13_28397237_28397377-cg20402552	0	0	0	0	0	0	1	1	0	0	0	0	0	140	10	0.571428571	-46.5	148
chr13_108520215_108520353-cg13582072	0	0	0	0	0	0	1	1	0	0	0	0	0	138	12	0.601449275	-47.70000076	105
chr13_112330913_112331032-cg09984047	0	0	0	0	0	0	1	1	0	0	0	0	0	119	8	0.554621849	-41.20000076	146
chr15_45670254_45670421-cg14910265	0	0	0	0	0	0	1	1	0	0	0	0	0	167	15	0.724550898	-81.40000153	154
chr19_19322807_19322932-cg17767542	0	0	0	0	0	0	1	1	0	0	0	0	0	125	13	0.68	-45	131
chr19_37464185_37464285-cg12537168	0	0	0	0	0	0	1	1	0	0	0	0	0	100	9	0.65	-35.29999924	49
chr19_57862439_57862500-cg17849956	0	0	0	0	0	0	1	1	0	0	0	0	0	61	6	0.62295082	-18.39999962	45
chr16_55405136_55405205-cg01317772	0	0	0	0	1	0	0	1	0	0	0	0	0	69	7	0.637681159	-17.20000076	48
chr6_26250654_26250762-cg15386964	0	1	1	0	1	1	0	0	0	0	0	0	0	108	12	0.638888889	-41.09999847	143
chr10_134600826_134600967-cg08444220	0	0	1	0	0	1	0	0	0	0	0	0	0	141	18	0.75177305	-77.40000153	78
chr1_26662532_26662609-cg23053573	0	0	0	0	0	1	0	0	0	0	0	0	0	77	7	0.779220779	-15.39999962	33
chr3_187457470_187457565-cg20367852	0	0	0	0	0	1	0	0	0	0	0	0	0	95	8	0.652631579	-25.79999924	70
chr5_125930527_125930672-cg01814098	0	0	0	0	0	1	0	0	0	0	0	0	0	145	11	0.572413793	-43.40000153	80
chr10_22518401_22518536-cg19375296	0	0	0	0	0	1	0	0	0	0	0	0	0	135	12	0.57037037	-35	107
chr10_126107452_126107513-cg18152871	0	0	0	0	0	1	0	0	0	0	0	0	0	61	7	0.606557377	-19.70000076	25
chr10_126107513_126107679-cg10140171_cg03092918_cg03468945	0	0	0	0	0	1	0	0	0	0	0	0	0	166	19	0.680722892	-67.80000305	115
chr10_126107704_126107773-cg00073771	0	0	0	0	0	1	0	0	0	0	0	0	0	69	6	0.652173913	-23.5	22
chr16_67189531_67189674-cg01961069	0	0	0	0	0	1	0	0	0	0	0	0	0	143	18	0.748251748	-71	122
chr17_48619726_48619810-cg12791192	0	0	0	0	0	1	0	0	0	0	0	0	0	84	6	0.595238095	-26.60000038	104
chr1_228645266_228645425-cg26107850_cg06893138	0	0	1	0	1	0	0	0	0	0	0	0	0	159	23	0.679245283	-65.59999847	166
chr7_27224074_27224216-cg04619603_cg09219451	0	0	0	0	1	0	0	0	0	0	0	0	0	142	22	0.73943662	-54.5	113
chr17_59539420_59539531-cg26881527	0	0	0	1	0	0	0	0	0	0	0	0	0	111	10	0.567567568	-26.70000076	110
chr19_10406324_10406429-cg25470077	0	0	0	1	0	0	0	0	0	0	0	0	0	105	7	0.666666667	-41.09999847	89
chr1_39957528_39957576-cg10523966	0	0	1	0	0	0	0	0	0	0	0	0	0	48	8	0.8125	-14.5	30
chr2_206546592_206546687-cg24319718	0	0	1	0	0	0	0	0	0	0	0	0	0	95	10	0.589473684	-35.79999924	106
chr3_140660551_140660701-cg01362570	0	0	1	0	0	0	0	0	0	0	0	0	0	150	15	0.626666667	-44.59999847	66
chr3_140660701_140660760-cg08100565	0	0	1	0	0	0	0	0	0	0	0	0	0	59	6	0.711864407	-24.70000076	93
chr4_53728500_53728547-cg23337116	0	0	1	0	0	0	0	0	0	0	0	0	0	47	6	0.765957447	-11.69999981	37
chr6_159290750_159290846-cg26992213	0	0	1	0	0	0	0	0	0	0	0	0	0	96	16	0.6875	-45	35
chr7_6543002_6543124-cg18209835	0	0	1	0	0	0	0	0	0	0	0	0	0	122	13	0.762295082	-59.79999924	98
chr8_104383627_104383781-cg20447655_cg11889769	0	0	1	0	0	0	0	0	0	0	0	0	0	154	17	0.720779221	-68.5	2
chr8_104383781_104383950-cg21643403	0	0	1	0	0	0	0	0	0	0	0	0	0	169	21	0.775147929	-78.69999695	9
chr11_13690613_13690746-cg04012924	0	0	1	0	0	0	0	0	0	0	0	0	0	133	14	0.736842105	-60.5	116
chr12_105478300_105478410-cg04892391	0	0	1	0	0	0	0	0	0	0	0	0	0	110	10	0.736363636	-32.90000153	117
chr13_45150002_45150083-cg18028711	0	0	1	0	0	0	0	0	0	0	0	0	0	81	9	0.641975309	-26.10000038	26
chr13_107188292_107188458-cg04321866	0	0	1	0	0	0	0	0	0	0	0	0	0	166	23	0.728915663	-84.40000153	126
chr16_23193808_23193946-cg08681432	0	0	1	0	0	0	0	0	0	0	0	0	0	138	18	0.789855072	-74.40000153	7
chr16_47177555_47177655-cg07869548	0	0	1	0	0	0	0	0	0	0	0	0	0	100	16	0.8	-51.90000153	17
chr17_19648373_19648467-cg19435033	0	0	1	0	0	0	0	0	0	0	0	0	0	94	11	0.712765957	-35.70000076	118
chr17_29298153_29298325-cg13204512	0	0	1	0	0	0	0	0	0	0	0	0	0	172	17	0.75	-81.90000153	13
chr17_29298325_29298457-cg16579555	0	0	1	0	0	0	0	0	0	0	0	0	0	132	18	0.765151515	-47.29999924	71
chr19_11450217_11450297-cg05554936	0	0	1	0	0	0	0	0	0	0	0	0	0	80	8	0.7375	-31.79999924	40
chr19_42901298_42901413-cg14216029	0	0	1	0	0	0	0	0	0	0	0	0	0	115	10	0.626086957	-45.79999924	101
chr1_714463_714572-cg04496485	0	1	0	0	0	0	0	0	0	0	0	0	0	109	10	0.752293578	-46.29999924	100
chr2_10861473_10861624-cg22834096	0	1	0	0	0	0	0	0	0	0	0	0	0	151	23	0.774834437	-72.69999695	90
chr3_27411006_27411087-cg05435286_cg22415969	0	1	0	0	0	0	0	0	0	0	0	0	0	81	9	0.617283951	-15.39999962	74
chr6_32055454_32055547-cg09996288	0	1	0	0	0	0	0	0	0	0	0	0	0	93	8	0.64516129	-45.59999847	121
chr12_49374300_49374357-cg04154903	0	1	0	0	0	0	0	0	0	0	0	0	0	57	7	0.807017544	-24.10000038	29
chr15_100881444_100881549-cg07394446	0	1	0	0	0	0	0	0	0	0	0	0	0	105	19	0.876190476	-62.70000076	11
chr17_20812067_20812229-cg00984997	0	1	0	0	0	0	0	0	0	0	0	0	0	162	8	0.561728395	-52.90000153	137
chr1_33938185_33938321-cg18139020_cg13303553	1	0	0	0	0	0	0	0	0	0	0	0	0	136	14	0.705882353	-59.5	32
chr1_40781244_40781366-cg20145692	1	0	0	0	0	0	0	0	0	0	0	0	0	122	11	0.680327869	-50.09999847	138
chr3_72788193_72788342-cg10804678	1	0	0	0	0	0	0	0	0	0	0	0	0	149	12	0.637583893	-57.90000153	39
chr5_10761671_10761767-cg11027354	1	0	0	0	0	0	0	0	0	0	0	0	0	96	12	0.791666667	-52.09999847	55
chr5_43604120_43604231-cg09489281	1	0	0	0	0	0	0	0	0	0	0	0	0	111	8	0.666666667	-53.5	12
chr7_25219403_25219560-cg12574408	1	0	0	0	0	0	0	0	0	0	0	0	0	157	11	0.662420382	-63.90000153	175
chr8_10872559_10872665-cg26237168	1	0	0	0	0	0	0	0	0	0	0	0	0	106	6	0.594339623	-34	156
chr8_119122816_119122959-cg21602557	1	0	0	0	0	0	0	0	0	0	0	0	0	143	8	0.517482517	-43.59999847	168
chr9_27529776_27529932-cg04469167	1	0	0	0	0	0	0	0	0	0	0	0	0	156	18	0.685897436	-60.40000153	57
chr9_124991337_124991490-cg13648318	1	0	0	0	0	0	0	0	0	0	0	0	0	153	10	0.614379085	-35.59999847	127
chr11_35160365_35160534-cg17640322	1	0	0	0	0	0	0	0	0	0	0	0	0	169	14	0.662721893	-57.29999924	162
chr14_92979675_92979849-cg12169365	1	0	0	0	0	0	0	0	0	0	0	0	0	174	15	0.683908046	-77.09999847	153
chr15_89438534_89438677-cg02231729	1	0	0	0	0	0	0	0	0	0	0	0	0	143	11	0.755244755	-57.79999924	53
chr20_2505839_2506006-cg26282655	1	0	0	0	0	0	0	0	0	0	0	0	0	167	18	0.676646707	-46.79999924	36
chr20_42955364_42955509-cg08268798	1	0	0	0	0	0	0	0	0	0	0	0	0	145	18	0.751724138	-70.59999847	1
